Time,PM 1.0,PM 2.5,PM 10,Temperature,Gas,Humidity,Pressure,Altitude,
14:59:39,1,6,8,21.2946484375,8733,24.916396774076684,997.3108591266448,133.55749193570276,
14:59:41,1,6,7,21.310859375,963,24.67661829299975,997.3087998387264,133.57485846319616,
14:59:42,0,5,6,21.346015625,1465,24.43858231289768,997.3143375397796,133.52815761046858,
14:59:43,0,5,6,21.3809765625,1983,24.24266014652536,997.319545909384,133.48423428588492,
14:59:44,0,4,6,21.41203125,2517,24.109254447861566,997.3267890066875,133.4231519645537,
14:59:46,0,4,6,21.439375,3141,23.954901081759647,997.3295694166895,133.3997043703748,
14:59:47,0,4,6,21.4633984375,3696,23.8004941120491,997.3217128916182,133.4659597035699,
14:59:48,0,4,4,21.48859375,4192,23.677496428765636,997.3192120607683,133.48704969900064,
14:59:49,0,4,4,21.5075390625,4759,23.637231175489113,997.3182686353779,133.49500580086573,
14:59:50,1,5,5,21.5243359375,5286,23.58126097523793,997.3188731307054,133.4899079657722,
14:59:52,1,4,4,21.5399609375,5870,23.488924684928588,997.3158236157818,133.51562518627654,
14:59:53,1,4,4,21.5528515625,6401,23.375739291013797,997.3201743506196,133.47893451550277,
14:59:54,0,3,3,21.5669140625,6964,23.247196997041787,997.319646108588,133.48338928581796,
14:59:55,0,2,3,21.58,7569,23.129057560452587,997.3192011443633,133.48714175927066,
14:59:56,0,2,3,21.5878125,8141,23.01067598639942,997.3168213463306,133.50721110123732,
14:59:58,0,2,3,21.5971875,8647,22.913155584787646,997.3187428792793,133.49100640298803,
14:59:59,0,2,2,21.6059765625,9219,22.872433089182316,997.302627323335,133.62691311544685,
15:00:00,0,2,2,21.6176953125,9653,22.91966430445609,997.3067344425351,133.59227653256252,
15:00:01,0,2,2,21.6317578125,10190,23.039410058033845,997.3096146810124,133.56798667611963,
15:00:02,0,2,2,21.638984375,10812,23.215747137698454,997.3096724816259,133.5674992279626,
15:00:04,0,2,2,21.6458203125,11402,23.257616231934197,997.3056683488232,133.6012672133361,
15:00:05,0,2,2,21.653046875,11849,23.237386800834056,997.300606234349,133.6439576147423,
15:00:06,0,1,2,21.6438671875,12530,23.241954102415576,997.2938921468723,133.70057989405998,
15:00:07,0,1,2,21.619453125,13045,23.157530880318866,997.2874710711071,133.75473139051132,
15:00:08,0,1,2,21.5883984375,13622,23.01588170612996,997.2751369921792,133.85875039619492,
15:00:09,0,1,1,21.5528515625,14176,22.874115723399143,997.2655756063141,133.93938671260395,
15:00:11,0,1,1,21.5126171875,14734,22.716761792392894,997.2533418090343,134.04256182661834,
15:00:12,0,1,1,21.463984375,15261,22.564235820334115,997.2510352720315,134.06201438231713,
15:00:13,0,1,1,21.4118359375,15754,22.44254769596478,997.2411725608015,134.14519357568733,
15:00:14,0,1,1,21.3596875,16205,22.326141096807234,997.2347108722543,134.19968990946512,
15:00:15,0,1,1,21.3024609375,16710,22.214676506069495,997.2351514024365,134.19597457432053,
15:00:17,0,0,1,21.2440625,17162,22.12377032231502,997.2353357420433,134.1944198948203,
15:00:18,0,0,1,21.182734375,17624,22.05325990414427,997.2391631438145,134.1621404867113,
15:00:19,0,0,1,21.1175,18096,21.99792238774205,997.2450073234924,134.1128522406815,
15:00:20,0,0,1,21.053046875,18611,21.958028061578176,997.2521299774085,134.05278200157917,
15:00:21,0,0,1,20.9909375,19069,21.92853765192896,997.2563094256205,134.0175340021098,
15:00:23,1,1,2,20.935859375,19369,21.904618604584712,997.2704535187569,133.8982485716978,
15:00:24,1,1,2,20.8841015625,19771,21.89625898388617,997.2901011501369,133.73255084948343,
15:00:25,1,1,2,20.845625,19979,21.944991212721515,997.3045431116066,133.6107566770645,
15:00:26,1,1,2,20.8173046875,20407,22.07627671715262,997.3188185189069,133.4903685183512,
15:00:27,1,1,2,20.79015625,21001,22.21288817861606,997.3333332183591,133.36796377830674,
15:00:29,1,1,2,20.7673046875,21343,22.29860681938822,997.2970464501539,133.67397849808822,
15:00:30,1,1,2,20.749140625,21787,22.34875290726467,997.2617365211426,133.97176396157664,
15:00:31,1,1,1,20.7380078125,22133,22.383966184406933,997.2142594363773,134.37217430655656,
15:00:32,1,1,1,20.7346875,22562,22.40428611166702,997.1712505262057,134.73491446395926,
15:00:33,1,1,1,20.7399609375,22883,22.42515837179349,997.1374152784553,135.0202922139081,
15:00:35,1,1,1,20.7493359375,23342,22.451432354102856,997.0984685525669,135.34879158024552,
15:00:36,1,1,1,20.7610546875,23642,22.47272646020045,997.0531913179918,135.7306992033638,
15:00:37,1,1,1,20.7751171875,23912,22.48903810271999,997.0101031467364,136.0941554009785,
15:00:38,0,0,0,20.796015625,24215,22.521206919788643,996.969852185999,136.43369072580904,
15:00:39,0,0,0,20.821796875,24614,22.558841300313777,996.9240770132745,136.81983880310537,
15:00:41,0,0,0,20.851875,24936,22.586483246522274,996.8803223787554,137.18895553807928,
15:00:42,0,0,0,20.8887890625,24585,22.619719385971024,996.8411003249533,137.5198462990639,
15:00:43,0,0,0,20.9282421875,25221,22.817903051499812,996.8060863154305,137.81524545455056,
15:00:44,0,0,0,20.970234375,25544,22.985637135488222,996.7769840191488,138.0607762500835,
15:00:45,0,0,0,21.01046875,25987,23.050209085337666,996.7517692054139,138.2735137536534,
15:00:46,0,0,0,21.0520703125,26363,23.058102546827396,996.7271103011126,138.48156526118174,
15:00:48,0,0,0,21.0930859375,26784,23.060795789697703,996.7134021964096,138.59722475112127,
15:00:49,0,0,0,21.095234375,27523,23.40741307493199,996.76641494329,138.14994706300263,
15:00:50,0,0,0,21.0286328125,28113,23.377098313488677,996.8194488367926,137.7025102297082,
15:00:51,0,0,0,20.956171875,28457,23.253305116875133,996.8337388473533,137.58195143566047,
15:00:52,0,0,0,20.8909375,28908,23.1508072720708,996.8446700615516,137.4897303350063,
15:00:54,0,0,0,20.814765625,29333,22.939374574764603,996.8305887487891,137.60852736884078,
15:00:55,0,0,0,20.7315625,29602,22.53248653167603,996.7673124100688,138.14237514681017,
15:00:56,0,1,1,20.5626171875,30331,22.670702711445692,996.7421195688985,138.35492893578993,
15:00:57,0,1,1,20.3614453125,30844,22.370241887314023,996.6904948682069,138.79050378991,
15:00:58,0,1,1,20.120234375,31027,22.29344019523918,996.6334446639714,139.27187667967024,
15:01:00,0,1,1,19.908125,31493,22.244204236631443,996.597347590222,139.57646472492382,
15:01:01,0,1,1,19.7016796875,31828,22.297732943320412,996.5773029994613,139.74560535949774,
15:01:02,0,1,1,19.4368359375,32443,22.291292835431033,996.563668817947,139.8606551348759,
15:01:03,0,0,0,19.1958203125,32748,22.276158257303777,996.548594327876,139.9878601982589,
15:01:04,0,0,0,18.97375,32928,22.313359551422174,996.5274261603781,140.16648897590392,
15:01:06,0,0,0,18.718671875,33480,22.445642425729975,996.5003650840812,140.39484987185205,
15:01:07,0,0,0,18.3852734375,33614,22.721519555927138,996.519186082323,140.23602417097834,
15:01:08,0,0,0,18.1098828125,34107,23.14007037934102,996.5832423240432,139.6954877543494,
15:01:09,0,0,0,17.8348828125,34471,23.199491134614224,996.5983680268234,139.5678541316993,
15:01:10,0,0,0,17.5606640625,35018,23.07927338041172,996.5991917030987,139.56090383608392,
15:01:12,0,0,0,17.3106640625,35433,23.089003988647054,996.5841397523856,139.6879150356378,
15:01:13,0,0,0,17.10265625,35613,23.219395725499904,996.5795648960759,139.72651884398525,
15:01:14,0,0,0,16.9159375,36042,23.469380219788878,996.5611960677966,139.881521162703,
15:01:15,0,0,0,16.7641796875,36166,23.6653488508897,996.5485202061017,139.988485673679,
15:01:16,0,0,0,16.6376171875,36609,23.775578892324265,996.528691138132,140.15581430333313,
15:01:18,0,0,0,16.53546875,36769,24.067978513570505,996.5190714893669,140.23699118495094,
15:01:19,0,0,0,16.4305859375,37226,24.35043685343884,996.5031528534236,140.37132442978773,
15:01:20,1,1,1,16.3180859375,37627,24.57592558178233,996.4863236341059,140.51334374130485,
15:01:21,0,1,2,16.207734375,37763,24.760374916002966,996.4764159072855,140.5969545018435,
15:01:22,0,1,2,16.088984375,38176,24.84063273711871,996.4372104411476,140.9278138715532,
15:01:23,0,1,2,15.94328125,38562,25.11133455232893,996.417228767332,141.09644553540195,
15:01:25,1,1,2,15.7815625,38920,25.256448773338096,996.3957825930745,141.27743962811067,
15:01:26,1,1,2,15.6098828125,39322,25.32809167364551,996.3728106735298,141.4713136834551,
15:01:27,1,1,2,15.46359375,39396,25.495227758131787,996.348195218278,141.67906255712273,
15:01:28,1,1,3,15.3534375,39921,25.76935633803017,996.343309493405,141.7202974640603,
15:01:29,1,1,3,15.2555859375,39997,26.05529241201085,996.3403465904621,141.7453040741186,
15:01:31,1,1,3,15.1659375,40150,26.12757974992183,996.3172630841441,141.94012866399103,
15:01:32,0,0,1,15.0559765625,40499,26.36089551846232,996.3007449795658,142.07954356448386,
15:01:33,0,0,1,14.953828125,40895,26.537354384467715,996.2769712806859,142.28019988763208,
15:01:34,0,0,1,14.8848828125,40975,26.853051806090253,996.2664410734693,142.36907886801444,
15:01:35,1,1,2,14.8192578125,41461,27.01685215955938,996.2513115731624,142.4967789744684,
15:01:37,1,1,2,14.7708203125,41792,27.208422228990614,996.2395717473141,142.5958697143949,
15:01:38,1,1,2,14.7665234375,41875,27.29253353573099,996.2290126739267,142.68499504639476,
15:01:39,1,1,2,14.8024609375,42001,28.291203569470902,996.3836358557844,141.37995290981212,
15:01:40,1,1,2,14.8364453125,42426,27.646398957693705,996.3678428466959,141.51324068335674,
15:01:41,1,1,2,14.824140625,42729,28.22367804705808,996.4283209967101,141.0028343660433,
15:01:43,1,1,2,14.7962109375,42992,27.918976113455336,996.4002021122956,141.24014102203418,
15:01:44,1,1,2,14.7565625,43437,27.947904801174303,996.3828807894264,141.38632538121286,
15:01:45,1,1,2,14.70890625,43709,27.933818867080642,996.3842423417306,141.37483440311306,
15:01:46,1,1,2,14.663203125,43709,27.97291443787931,996.3415937723745,141.73477797383663,
15:01:47,0,0,1,14.599140625,44170,28.143378926611238,996.3273231019156,141.85522175334236,
15:01:49,0,0,1,14.5383984375,44077,28.21328840868669,996.3253401777364,141.8719576495722,
15:01:50,0,0,1,14.4833203125,44498,28.219870060529804,996.3125620282506,141.97980598225465,
15:01:51,0,0,1,14.4278515625,44735,28.23704983767386,996.3075568425619,142.02205034890707,
15:01:52,1,1,2,14.3723828125,45120,28.333954452127823,996.2806043580161,142.24953550053397,
15:01:53,1,3,4,14.3231640625,45267,28.495231488375182,996.2742184457181,142.30343479524637,
15:01:55,1,3,4,14.288984375,45463,29.336287468573673,996.492050629498,140.46501424984623,
15:01:56,1,3,4,14.2846875,45761,29.325250712663586,996.4443731149215,140.86736646929322,
15:01:57,1,3,3,14.2899609375,45911,29.052791403032277,996.4143912586485,141.1203923904692,
15:01:58,1,3,3,14.3110546875,46113,29.54701648503027,996.439551596576,140.90805629978266,
15:01:59,1,3,3,14.3419140625,46317,29.15829242040524,996.3983727241587,141.25558015743528,
15:02:00,1,4,4,14.3852734375,46317,29.03322492644039,996.3359081360558,141.78276430637857,
15:02:02,1,4,5,14.4641796875,46523,29.10866552362812,996.3024937105881,142.06478396398066,
15:02:03,1,5,6,14.580390625,46523,29.219109944668883,996.2723437111655,142.31925825235365,
15:02:04,0,4,5,14.7130078125,46678,29.27200104872051,996.2543566489353,142.47107697492618,
15:02:05,0,5,7,14.8680859375,46730,29.36418523345396,996.2518757355825,142.4920171498127,
15:02:06,0,6,7,15.0528515625,46939,29.23352161666466,996.2583630059017,142.43726136653825,
15:02:08,0,5,6,15.21828125,46113,29.32654403511643,996.2560527221763,142.4567612754434,
15:02:09,0,6,7,15.36046875,45562,29.38034128790778,996.2536635815262,142.47692681333103,
15:02:10,0,6,7,15.481171875,45911,29.566866058649147,996.2524848935058,142.48687554213313,
15:02:11,0,6,7,15.5860546875,46012,29.741735981687363,996.2451064559157,142.54915353984157,
15:02:12,0,6,7,15.6833203125,46523,29.900131333733928,996.2503184597263,142.50516137440226,
15:02:14,0,6,7,15.7762890625,46730,29.928951942617516,996.2449339662827,142.55060944995566,
15:02:15,0,6,7,15.8712109375,47017,29.97412951236391,996.2478448774167,142.5260397400088,
15:02:16,1,7,8,15.96203125,47256,29.93808093246281,996.2489443507425,142.51675958838638,
15:02:17,1,7,8,16.05421875,47336,29.837434740061415,996.2556738317205,142.45995929712365,
15:02:18,1,6,6,16.1469921875,47416,29.7368843212366,996.2633462072118,142.39520086871948,
15:02:20,1,6,6,16.2407421875,47740,29.614922338368704,996.2726131513092,142.3169840758146,
15:02:21,1,6,6,16.3346875,48515,29.487673920007083,996.2737082177616,142.30774130663715,
15:02:22,1,6,6,16.428046875,48180,29.33896638608162,996.2720946774733,142.32136019118263,
15:02:23,1,6,6,16.523359375,48069,29.152951688304004,996.2737014516748,142.30779841491005,
15:02:24,1,6,6,16.6173046875,48375,28.96703618915346,996.2746813009196,142.29952812885398,
15:02:26,1,6,6,16.7044140625,48627,28.780803936999643,996.269299586919,142.344951844905,
15:02:27,1,6,6,16.7860546875,49344,28.610410824362027,996.2683103118796,142.35330172466766,
15:02:28,1,6,6,16.87296875,49344,28.42990616119224,996.2693118067403,142.3448487047327,
15:02:29,1,4,4,16.9587109375,49026,28.260181204280993,996.2734084487861,142.31027146775,
15:02:30,1,4,4,17.0497265625,49607,28.091023219879165,996.2744078170971,142.30183643169016,
15:02:32,1,4,4,17.133515625,49636,27.937467320500858,996.2785724472772,142.26668549521773,
15:02:33,1,4,4,17.2204296875,49784,27.79492150154521,996.2794439640913,142.2593296033037,
15:02:34,1,4,4,17.3040234375,49932,27.641615580226514,996.2815272755782,142.24174578222673,
15:02:35,1,4,4,17.38859375,49902,27.50975795014559,996.2835133104712,142.2249830347085,
15:02:36,1,3,3,17.4579296875,50292,27.371570598245416,996.2821155137023,142.2367808680693,
15:02:37,1,3,3,17.534296875,50262,27.22871378768729,996.2839377087508,142.22140098573823,
15:02:39,1,3,3,17.608515625,50322,27.107002009125885,996.2821542803669,142.23645366535533,
15:02:40,1,3,3,17.6846875,50504,26.97493460058935,996.292081076122,142.15266875815834,
15:02:41,1,3,3,17.76046875,50626,26.84822671961497,996.2877644769469,142.18910196839937,
15:02:42,1,3,3,17.838984375,50322,26.732374253994063,996.2981560659452,142.10139449389183,
15:02:43,1,2,2,17.9137890625,50626,26.62688594047662,996.2904644245077,142.16631369973155,
15:02:45,1,2,2,17.9899609375,50749,26.516281283528052,996.2918112852303,142.1549458591183,
15:02:46,1,2,2,18.06515625,50934,26.410945555810393,996.3016882396964,142.07158227879594,
15:02:47,1,1,1,18.1403515625,50965,26.289866371474766,996.2979653182136,142.10300444329275,
15:02:48,1,1,1,18.217109375,50780,26.137405598210105,996.2968191734122,142.11267814226935,
15:02:49,1,1,1,18.2907421875,51027,26.011149486715226,996.2921402381367,142.15216941638815,
15:02:51,1,2,2,18.356171875,51403,25.868646665806708,996.2873583204989,142.19253004014445,
15:02:52,1,2,2,18.4235546875,51466,25.721160187198855,996.2722255277798,142.3202557649081,
15:02:53,1,2,2,18.489375,51214,25.594668153718985,996.2646567788585,142.38413907300796,
15:02:54,1,2,2,18.55421875,51435,25.4891583702134,996.2554416988513,142.4619186131281,
15:02:55,1,2,2,18.6083203125,51466,25.38819794482515,996.2436093610708,142.56178987435555,
15:02:57,1,2,2,18.651875,51721,25.297028102587657,996.2447791439815,142.55191623796728,
15:02:58,0,2,2,18.69953125,52172,25.20619443038034,996.2391789946394,142.59918478444158,
15:02:59,0,2,2,18.7485546875,51593,25.120730909151995,996.2409400417274,142.58432049048844,
15:03:00,0,2,2,18.79640625,52074,25.03000678860812,996.2441381784197,142.55732635251152,
15:03:01,0,1,1,18.8446484375,52433,24.949798228170128,996.2530739699987,142.4819034345231,
15:03:03,0,1,1,18.899140625,52302,24.86484001628293,996.2622074500733,142.40481248469533,
15:03:04,0,1,1,18.9540234375,52367,24.77994966862875,996.2685808957593,142.35101788707976,
15:03:05,0,2,2,18.99953125,52466,24.673617526007895,996.2712377516176,142.32859297371252,
15:03:06,0,2,2,19.0344921875,52466,24.592670560635494,996.271631773295,142.32526727917073,
15:03:07,0,2,2,19.070234375,52532,24.475396140294958,996.2716208202947,142.3253597266934,
15:03:09,0,2,2,19.11125,52763,24.38976417895273,996.2701802686727,142.33751854185496,
15:03:10,0,2,2,19.1618359375,52466,24.325611662620464,996.271056305385,142.33012445007913,
15:03:11,0,2,2,19.217109375,52664,24.266992498157393,996.2712197735061,142.32874471591748,
15:03:12,0,2,2,19.2723828125,52598,24.208389881941155,996.2679695765672,142.35617766948994,
15:03:13,0,2,2,19.3274609375,52697,24.16536627155056,996.2660808388323,142.37211939971831,
15:03:15,0,2,2,19.3829296875,52565,24.111994664483575,996.2597269081948,142.4257493905591,
15:03:16,1,3,3,19.4387890625,52930,24.05347343326064,996.255708701525,142.4596649787954,
15:03:17,1,3,3,19.4907421875,53300,23.989519999242052,996.2519823774475,142.49111703717938,
15:03:18,1,3,3,19.5411328125,53233,23.88919759702269,996.2558502583398,142.45847016961724,
15:03:19,1,3,3,19.592890625,53064,23.809747177129864,996.2602802246785,142.42107914318052,
15:03:20,1,3,3,19.643671875,52930,23.72509043486425,996.2613741083214,142.41184626480788,
15:03:22,1,3,3,19.6925,53131,23.640346127441155,996.2626117181871,142.4014002812578,
15:03:23,1,3,3,19.735078125,53300,23.57591706845567,996.27216215962,142.3207906162259,
15:03:24,1,3,3,19.7770703125,53539,23.526982765605965,996.2739257637107,142.30590513869092,
15:03:25,1,3,3,19.8253125,53233,23.46296759538388,996.2775650581764,142.27518820094056,
15:03:26,1,3,3,19.8774609375,53642,23.404397680951384,996.2825836181433,142.23282992155382,
15:03:28,1,3,3,19.9221875,53676,23.33502890493154,996.2837621749572,142.22288254353427,
15:03:29,1,3,3,19.928046875,54303,23.232178793705867,996.2832916635432,142.2268538018554,
15:03:30,1,2,2,19.9430859375,54373,23.140321099203028,996.2946774791476,142.13075450859742,
15:03:31,1,2,2,19.976484375,54550,23.044567179931157,996.2957352593439,142.12182660929088,
15:03:32,1,2,2,20.0102734375,54693,22.94375174528137,996.2957354896713,142.12182466527614,
15:03:34,1,2,2,20.0221875,55089,22.867317845930305,996.2951145272531,142.12706572478822,
15:03:35,1,2,2,20.050703125,55234,22.7611453522655,996.2965556856835,142.11490203442378,
15:03:36,1,2,2,20.0829296875,55270,22.655290296654275,996.2871387144929,142.19438357549862,
15:03:37,1,2,2,20.1005078125,55270,22.548577180809275,996.2686907397475,142.35009075945024,
15:03:38,1,2,2,20.1098828125,55270,22.47733295676832,996.2553326620301,142.46283893785022,
15:03:40,1,2,2,20.1317578125,55234,22.412049026484336,996.2338078246328,142.64452081309065,
15:03:41,1,4,5,20.153828125,55674,22.346806652455964,996.2126040361525,142.82349596051145,
15:03:42,1,4,5,20.1747265625,55897,22.25590860401936,996.1979618520808,142.9470882718835,
15:03:43,1,4,5,20.186640625,56047,22.154269185453323,996.1888175763542,143.02427437283163,
15:03:44,1,4,5,20.1829296875,56387,22.041503472485378,996.1690304633086,143.1912977772255,
15:03:46,1,4,5,20.156171875,56539,21.9682739308189,996.1552100972126,143.30795734843036,
15:03:47,1,4,5,20.1512890625,56425,21.891352326254356,996.141988536835,143.41956354649892,
15:03:48,1,4,5,20.1540234375,56463,21.82515993330909,996.1278053633001,143.53928827338308,
15:03:49,1,4,5,20.1606640625,56692,21.754144032006387,996.1201131469129,143.60422132181176,
15:03:50,1,4,5,20.1690625,56577,21.703668510289198,996.1221515456391,143.58701435041485,
15:03:52,1,4,5,20.1778515625,57117,21.648139936464332,996.1180286896889,143.62181712162626,
15:03:53,1,4,5,20.159296875,57313,21.585858176975872,996.1144363077515,143.6521420323695,
15:03:54,1,4,5,20.12765625,57589,21.51771961241491,996.1163354679828,143.63611035613454,
15:03:55,1,4,5,20.1165234375,57827,21.450882448071603,996.1046447075032,143.73479778110493,
15:03:56,1,4,5,20.09796875,57827,21.393801576890976,996.1027503733116,143.75078887047823,
15:03:57,1,4,5,20.063203125,58108,21.335765277126054,996.1028525149391,143.74992663766866,
15:03:59,1,4,5,20.0315625,58392,21.2779549138047,996.0996322055054,143.77711104840085,
15:04:00,1,4,5,20.0051953125,58473,21.23572987168189,996.1000659620049,143.7734494660483,
15:04:01,1,4,5,19.9907421875,58310,21.204395783415777,996.0998737562518,143.77507198265485,
15:04:02,1,4,5,19.951875,58473,21.166523237273793,996.0982484227274,143.78879234504672,
15:04:03,0,3,4,19.9200390625,58596,21.159528130684333,996.1014961955897,143.7613760698162,
15:04:05,0,3,4,19.879609375,58926,21.141871932863154,996.0972617058709,143.79712179067684,
15:04:06,0,3,4,19.8329296875,59259,21.128916418888352,996.0945427511466,143.8200740890006,
15:04:07,1,4,5,19.79875,59259,21.121787965109515,996.1040865563674,143.73950943118712,
15:04:08,1,4,5,19.7696484375,59724,21.094689279733057,996.1033503284939,143.7457243248295,
15:04:09,1,3,4,19.7317578125,59895,21.08227586297609,996.0982071279084,143.78914093827692,
15:04:11,1,3,4,19.702265625,60153,21.06023602676408,996.1053196393624,143.72910032579327,
15:04:12,1,3,4,19.653046875,60370,21.026891114928937,996.1102510920311,143.68747143123812,
15:04:13,1,3,4,19.6067578125,60413,21.003864593244515,996.1166404073183,143.6335362266635,
15:04:14,1,3,4,19.5669140625,60588,20.97110858906021,996.1286340668917,143.5322928820192,
15:04:15,1,3,4,19.52296875,60941,20.948243118839823,996.140602000562,143.43126768399804,
15:04:17,1,2,2,19.4880078125,61208,20.93604011431598,996.1419903264509,143.41954843986605,
15:04:18,1,2,2,19.4571484375,61164,20.929143378890444,996.1433917149078,143.40771894437395,
15:04:19,1,2,2,19.4253125,61841,20.917132038001508,996.1448652267557,143.39528065055364,
15:04:20,1,2,2,19.4016796875,61614,20.90055423852812,996.1548758229204,143.31077901897572,
15:04:21,1,2,2,19.37921875,61614,20.878994042926454,996.1549293324243,143.31032733539965,
15:04:23,1,2,2,19.358515625,61433,20.88282091108193,996.1579042919842,143.28521518473812,
15:04:24,0,0,0,19.329609375,61388,20.8861608091017,996.1591351711077,143.274825137909,
15:04:25,0,0,0,19.3128125,61614,20.895275365808622,996.1601014197881,143.26666888609705,
15:04:26,0,0,0,19.301484375,61388,20.90977125187099,996.1633619949748,143.23914592320136,
15:04:27,0,1,1,19.290546875,61614,20.929348574551337,996.1723722370424,143.16308961189762,
15:04:29,0,1,1,19.2770703125,61795,20.943719494303345,996.1754579649298,143.1370428170054,
15:04:30,0,1,1,19.2579296875,61841,20.9779883135854,996.174221250507,143.14748198205146,
15:04:31,0,0,0,19.24015625,62208,21.01234598317657,996.1718571706142,143.16743732165628,
15:04:32,1,1,1,19.217109375,62347,21.031213211281653,996.1726194688665,143.16100271237872,
15:04:33,1,1,1,19.2075390625,62208,21.071134008892685,996.1753988431669,143.13754186636748,
15:04:34,1,2,2,19.206171875,62301,21.101429968524425,996.1748244436136,143.14239039914608,
15:04:36,1,2,2,19.2096875,62255,21.126961102930533,996.1755728952614,143.13607268516276,
15:04:37,1,2,2,19.2122265625,62674,21.152439465060617,996.1797967263743,143.1004192090344,
15:04:38,1,2,2,19.2159375,62440,21.167860439570294,996.1808700282409,143.09135945757052,
15:04:39,1,2,2,19.220234375,62957,21.17825173623351,996.1897180528093,143.0166734975396,
15:04:40,0,1,1,19.221015625,62768,21.188432992072965,996.1961177369294,142.96265425438713,
15:04:42,0,1,1,19.2175,62768,21.1882218787593,996.1919693252095,142.99767064772348,
15:04:43,0,1,1,19.2065625,63147,21.217972248583113,996.1890740670344,143.02210934767086,
15:04:44,1,2,2,19.190546875,63386,21.222077927043188,996.1879301207013,143.03176534564727,
15:04:45,1,2,3,19.18546875,63578,21.25725696009997,996.1862818778382,143.04567810304562,
15:04:46,1,2,3,19.1925,63242,21.293175656454633,996.1894793886745,143.01868804864893,
15:04:48,1,2,3,19.195625,63772,21.344090286088612,996.1980780122384,142.9461077769625,
15:04:49,1,2,3,19.2034375,63820,21.395310865506648,996.2076749768717,142.86510118974377,
15:04:50,1,2,3,19.2153515625,63772,21.421415341659795,996.2138952836094,142.8125968198084,
15:04:51,1,2,3,19.2274609375,63723,21.432304499266387,996.2221401490301,142.74300396247872,
15:04:52,1,2,3,19.2434765625,64015,21.443432291245323,996.2249824936775,142.71901254670692,
15:04:54,1,2,3,19.235078125,64113,21.458158249681308,996.2348119828853,142.636045075397,
15:04:55,1,2,3,19.227265625,64508,21.45768386006668,996.2320154243062,142.65964983507982,
15:04:56,0,1,2,19.2253125,64310,21.45248662550124,996.2355663222041,142.62967797378244,
15:04:57,0,1,2,19.226875,64508,21.457660141672555,996.241565772342,142.57903895382248,
15:04:58,0,1,2,19.2175,64858,21.45709093126039,996.2412694982554,142.5815396821004,
15:05:00,0,1,2,19.2284375,65060,21.46283391188658,996.2441651691453,142.55709853535066,
15:05:01,1,2,3,19.2481640625,64558,21.479270796679764,996.2463811282192,142.53839459057514,
15:05:02,1,2,3,19.2782421875,64708,21.48109935698036,996.2420135595966,142.57525936606027,
15:05:03,1,2,3,19.298359375,64508,21.47216208786752,996.2363740195849,142.62286050065597,
15:05:04,1,2,3,19.3067578125,64908,21.45235359197917,996.2299417422926,142.67715308454922,
15:05:06,1,2,3,19.29640625,65313,21.42125334405754,996.2229237612717,142.73638971081243,
15:05:07,1,2,3,19.2907421875,65723,21.40059999065787,996.2237030389103,142.72981205049507,
15:05:08,1,2,3,19.3008984375,65518,21.41644798888695,996.2235954301183,142.73072034537358,
15:05:09,0,1,2,19.3176953125,65620,21.38700283025361,996.229432802073,142.68144888155157,
15:05:10,0,0,1,19.330390625,65620,21.357314755960545,996.2267463723837,142.70412418043279,
15:05:11,0,0,1,19.334296875,65723,21.30173207838104,996.2247424753032,142.72103847081075,
15:05:13,0,0,1,19.33,65672,21.255822088163043,996.214194492947,142.81007126009402,
15:05:14,0,1,2,19.3434765625,65620,21.23635020055101,996.2111061899467,142.83613897093048,
15:05:15,0,1,2,19.352265625,65982,21.22166834793988,996.2121226576029,142.82755917573385,
15:05:16,0,1,2,19.350703125,65775,21.201295645680748,996.2129244027683,142.82079181408574,
15:05:17,0,1,2,19.3622265625,65982,21.16144063627217,996.2099868654554,142.84558696779703,
15:05:19,0,1,2,19.3766796875,66086,21.126838985008778,996.2085207236732,142.8579623938891,
15:05:20,0,1,2,19.37140625,66559,21.085999164293316,996.2065511230162,142.87458744454727,
15:05:21,0,1,1,19.364375,66825,21.04000631409596,996.1982568791068,142.94459798188134,
15:05:22,0,1,1,19.3471875,66985,21.018731564114926,996.2002753327135,142.92756045759737,
15:05:23,0,1,1,19.335078125,66985,21.01294747186008,996.1988369644089,142.9397015487059,
15:05:25,0,1,2,19.3471875,66825,21.008608966151833,996.2019756786304,142.91320806378084,
15:05:26,0,1,2,19.3610546875,66931,21.014497871095084,996.2131388144231,142.81898201132452,
15:05:27,0,1,2,19.3622265625,67092,20.999384320660727,996.2218895696801,142.74511903354468,
15:05:28,0,1,2,19.369453125,67308,20.98969399672171,996.2288085803498,142.68671773423668,
15:05:29,1,2,3,19.380390625,67146,20.970105411892767,996.2316974364958,142.66233386087026,
15:05:31,1,2,3,19.381953125,67416,20.929726818751618,996.2240937406954,142.72651424971434,
15:05:32,1,2,3,19.37765625,67416,20.873845466533574,996.2237484453487,142.72942878782771,
15:05:33,1,2,3,19.38390625,67853,20.833776939561773,996.2239414963004,142.72779930050135,
15:05:34,1,2,3,19.37609375,68019,20.787836787306347,996.2245503680722,142.72265999140473,
15:05:35,1,2,3,19.3809765625,67525,20.752765883855673,996.2173681127381,142.78328347647798,
15:05:37,1,2,3,19.374140625,67963,20.711964645155206,996.2145000348362,142.80749224934684,
15:05:38,0,1,2,19.363203125,67634,20.6810315425235,996.2133115882006,142.81752366518143,
15:05:39,0,1,2,19.3657421875,67744,20.66603959203642,996.2107332857046,142.83928658100223,
15:05:40,0,1,2,19.3606640625,68240,20.645555543524466,996.2124890782227,142.82446629610416,
15:05:41,1,2,3,19.35890625,68296,20.635360894388302,996.2146663990341,142.80608800662665,
15:05:43,0,2,3,19.3731640625,67853,20.61601777629422,996.2162765455621,142.79249713233693,
15:05:44,0,2,3,19.388984375,68019,20.621991731522716,996.2102820160294,142.84309565928558,
15:05:45,0,2,3,19.403046875,68129,20.637954773527834,996.2098649151393,142.84661632684168,
15:05:46,0,2,3,19.4165234375,67963,20.674075433149913,996.2118734456027,142.82966272250488,
15:05:47,0,2,3,19.4274609375,67853,20.71510870797589,996.2249633158222,142.71917442129924,
15:05:48,0,2,3,19.453828125,67853,20.74696706453859,996.2416080690365,142.57868194478675,
15:05:50,0,1,1,19.49171875,67634,20.739103180818592,996.2468036350728,142.53482839818417,
15:05:51,0,1,1,19.5378125,67416,20.73172380939278,996.2622343123883,142.40458575472493,
15:05:52,0,1,1,19.5860546875,67308,20.73457475372777,996.2591180768168,142.4308882117806,
15:05:53,0,0,0,19.6360546875,67416,20.727426483160897,996.2623164562486,142.40389242378183,
15:05:54,0,1,1,19.6825390625,67525,20.72007031736325,996.2562560630026,142.45504497932734,
15:05:56,0,1,1,19.7360546875,67525,20.68786977115696,996.260174954908,142.4219676686305,
15:05:57,0,1,1,19.7919140625,67308,20.655810412901868,996.2594711339239,142.4279082445711,
15:05:58,0,1,1,19.8469921875,67039,20.633807816781218,996.2591563312448,142.43056532646307,
15:05:59,0,1,1,19.8977734375,67092,20.616602213922388,996.2635975580093,142.39307935756295,
15:06:00,0,1,1,19.94953125,67200,20.609554401980027,996.2662476911637,142.37071109582112,
15:06:02,0,1,1,20.0005078125,67092,20.59235977735763,996.2624816618129,142.40249801502173,
15:06:03,0,1,1,20.051875,67039,20.549941099059115,996.2593529155577,142.4289060628073,
15:06:04,0,0,0,20.09796875,66771,20.50721958262914,996.2491497329851,142.5150260517023,
15:06:05,0,0,0,20.142109375,66559,20.439163270267745,996.2339873580783,142.64300543551587,
15:06:06,0,0,0,20.1794140625,66612,20.42621592146879,996.2363972859357,142.62266411810975,
15:06:08,0,0,0,20.2094921875,66718,20.448162964176014,996.2421157524309,142.57439679863475,
15:06:09,0,0,0,20.24796875,66931,20.435283287148252,996.2498681866149,142.5089619186087,
15:06:10,0,0,0,20.2934765625,66771,20.417770307281152,996.2624876526407,142.4024474497603,
15:06:11,0,0,0,20.3348828125,66878,20.39497155696004,996.2648785726927,142.38226703757465,
15:06:12,0,0,0,20.3727734375,66931,20.356835010519614,996.2682330171274,142.35395412378793,
15:06:14,0,0,0,20.4034375,67254,20.32836849117813,996.2697933209988,142.34078453292972,
15:06:15,0,0,0,20.4364453125,67362,20.284916750059995,996.2769469271765,142.28040543969527,
15:06:16,0,0,0,20.4766796875,67092,20.262059362120688,996.2807730011544,142.2481120982722,
15:06:17,0,0,0,20.507734375,66878,20.238667754164755,996.2795623245514,142.25833060203837,
15:06:18,0,0,0,20.5282421875,66878,20.219703150016567,996.2710466760614,142.330205725301,
15:06:20,0,0,0,20.5450390625,67092,20.230762769582213,996.2580673739959,142.4397566403634,
15:06:21,0,0,0,20.5551953125,67744,20.23135517025005,996.2579041704871,142.44113415582,
15:06:22,0,0,0,20.5536328125,67853,20.236304682948983,996.2638261132107,142.39115025163014,
15:06:23,0,0,0,20.5594921875,67908,20.216484908288454,996.2667457931009,142.36650690697414,
15:06:24,0,0,0,20.5637890625,67908,20.22177555252553,996.2653661628906,142.37815156761232,
15:06:26,0,1,1,20.5378125,68408,20.190025332359532,996.2767249468098,142.28227903116723,
15:06:27,0,1,1,20.483125,68688,20.17172956536045,996.2693379129055,142.3446283582789,
15:06:28,0,1,1,20.4610546875,68744,20.16037280117432,996.2514070902838,142.4959727600639,
15:06:29,0,1,1,20.4391796875,68857,20.154065666209146,996.244019168978,142.55833086031518,
15:06:30,0,1,1,20.4204296875,68914,20.137870139613344,996.2298994744858,142.67750985313435,
15:06:31,0,1,1,20.402265625,69085,20.136816194793525,996.2269712863258,142.70222575145607,
15:06:33,0,1,1,20.373359375,69028,20.145209067408437,996.2198182531779,142.76260246040252,
15:06:34,0,1,1,20.3508984375,68971,20.153975898963278,996.218262380882,142.77573518036883,
15:06:35,0,1,1,20.3278515625,69028,20.16774418328124,996.2191366748997,142.76835548621747,
15:06:36,0,1,1,20.282734375,69601,20.18526691913168,996.2207979971731,142.75433270053637,
15:06:37,0,1,1,20.24328125,69834,20.2131916521703,996.2267543027717,142.7040572424767,
15:06:39,0,1,1,20.19015625,69834,20.235286512990918,996.2236033627612,142.7306533882133,
15:06:40,0,1,1,20.134296875,70067,20.25218540294634,996.2175986438637,142.78133761977173,
